1.712583199999999977e+02
-1.244890800000000013e+02
-1.375595399999999984e+02
1.908038566666666611e+02
-1.249292966666666729e+02
-1.372726099999999860e+02
2.103493933333333246e+02
-1.253695133333333303e+02
-1.369856800000000021e+02
2.298949299999999880e+02
-1.258097300000000018e+02
-1.366987500000000182e+02
2.494404666666666799e+02
-1.262499466666666734e+02
-1.364118200000000058e+02
2.689860033333333149e+02
-1.266901633333333308e+02
-1.361248899999999935e+02
2.885315400000000068e+02
-1.271303800000000024e+02
-1.358379600000000096e+02
1.701313600000000008e+02
-9.759474000000000160e+01
-1.375547200000000032e+02
1.897588366666666673e+02
-9.791095666666666375e+01
-1.372445800000000133e+02
2.093863133333333337e+02
-9.822717333333334011e+01
-1.369344399999999951e+02
2.290137899999999718e+02
-9.854339000000000226e+01
-1.366243000000000052e+02
2.486412666666666382e+02
-9.885960666666666441e+01
-1.363141600000000153e+02
2.682687433333333047e+02
-9.917582333333334077e+01
-1.360040199999999970e+02
2.878962199999999712e+02
-9.949204000000000292e+01
-1.356938800000000072e+02
1.690044000000000040e+02
-7.070040000000000191e+01
-1.375499000000000080e+02
1.887138166666666734e+02
-7.089261666666666883e+01
-1.372165500000000122e+02
2.084232333333333429e+02
-7.108483333333333576e+01
-1.368832000000000164e+02
2.281326500000000124e+02
-7.127705000000000268e+01
-1.365498499999999922e+02
2.478420666666666534e+02
-7.146926666666666961e+01
-1.362164999999999964e+02
2.675514833333332945e+02
-7.166148333333333653e+01
-1.358831500000000005e+02
2.872608999999999924e+02
-7.185370000000000346e+01
-1.355498000000000047e+02
1.678774400000000071e+02
-4.380606000000000222e+01
-1.375450800000000129e+02
1.876687966666666796e+02
-4.387427666666666681e+01
-1.371885200000000111e+02
2.074601533333333521e+02
-4.394249333333333851e+01
-1.368319600000000094e+02
2.272515099999999961e+02
-4.401071000000000311e+01
-1.364754000000000076e+02
2.470428666666666686e+02
-4.407892666666666770e+01
-1.361188400000000058e+02
2.668342233333333411e+02
-4.414714333333333940e+01
-1.357622800000000041e+02
2.866255800000000136e+02
-4.421536000000000399e+01
-1.354057200000000023e+02
1.667504800000000103e+02
-1.691172000000000253e+01
-1.375402600000000177e+02
1.866237766666666857e+02
-1.685593666666666834e+01
-1.371604900000000100e+02
2.064970733333333328e+02
-1.680015333333333771e+01
-1.367807200000000023e+02
2.263703699999999799e+02
-1.674437000000000353e+01
-1.364009500000000230e+02
2.462436666666666554e+02
-1.668858666666666934e+01
-1.360211800000000153e+02
2.661169633333333309e+02
-1.663280333333333871e+01
-1.356414100000000076e+02
2.859902599999999779e+02
-1.657702000000000453e+01
-1.352616399999999999e+02
1.656235199999999850e+02
9.982619999999997162e+00
-1.375354399999999941e+02
1.855787566666666635e+02
1.016240333333333012e+01
-1.371324599999999805e+02
2.055339933333333136e+02
1.034218666666666309e+01
-1.367294799999999952e+02
2.254892299999999921e+02
1.052196999999999605e+01
-1.363265000000000100e+02
2.454444666666666421e+02
1.070175333333332901e+01
-1.359235199999999963e+02
2.653997033333333206e+02
1.088153666666666197e+01
-1.355205399999999827e+02
2.853549399999999991e+02
1.106131999999999493e+01
-1.351175599999999974e+02
1.644965599999999881e+02
3.687695999999999685e+01
-1.375306199999999990e+02
1.845337366666666412e+02
3.718074333333333215e+01
-1.371044300000000078e+02
2.045709133333333227e+02
3.748452666666666033e+01
-1.366782399999999882e+02
2.246080899999999758e+02
3.778830999999999563e+01
-1.362520499999999970e+02
2.446452666666666573e+02
3.809209333333333092e+01
-1.358258600000000058e+02
2.646824433333333104e+02
3.839587666666665910e+01
-1.353996699999999862e+02
2.847196199999999635e+02
3.869965999999999440e+01
-1.349734799999999950e+02
1.633695999999999913e+02
6.377129999999999654e+01
-1.375258000000000038e+02
1.834887166666666474e+02
6.419908333333333417e+01
-1.370764000000000067e+02
2.036078333333333319e+02
6.462686666666665758e+01
-1.366270000000000095e+02
2.237269499999999880e+02
6.505464999999999520e+01
-1.361775999999999840e+02
2.438460666666666725e+02
6.548243333333333283e+01
-1.357281999999999869e+02
2.639651833333333002e+02
6.591021666666665624e+01
-1.352787999999999897e+02
2.840842999999999847e+02
6.633799999999999386e+01
-1.348293999999999926e+02
1.622426399999999944e+02
9.066563999999999623e+01
-1.375209800000000087e+02
1.824436966666666535e+02
9.121742333333332908e+01
-1.370483700000000056e+02
2.026447533333333411e+02
9.176920666666666193e+01
-1.365757600000000025e+02
2.228458100000000002e+02
9.232098999999999478e+01
-1.361031499999999994e+02
2.430468666666666877e+02
9.287277333333332763e+01
-1.356305399999999963e+02
2.632479233333333468e+02
9.342455666666666048e+01
-1.351579299999999932e+02
2.834489800000000059e+02
9.397633999999999332e+01
-1.346853199999999902e+02
